0 2.44 6.68 A 4 0 0 0 20 0 0 0
1 2.52 7.24 A 3 0 0 0 27 0 0 0
2 2.67 7.69 A 4 0 0 0 26 0 0 0
3 2.7 7.36 A 2 0 0 0 28 0 0 0
4 2.71 6.8 A 3 0 0 0 27 0 0 0
5 2.77 6.5 A 5 0 0 0 25 0 0 0
6 2.84 6.98 A 2 0 0 0 28 0 0 0
7 2.87 7.87 A 2 0 0 0 28 0 0 0
8 2.99 7.27 A 4 0 0 0 26 0 0 0
9 2.99 6.74 A 6 0 0 0 24 0 0 0
10 3.1 7.66 A 2 0 0 0 28 0 0 0
11 3.14 6.1 A 4 0 0 0 26 0 0 0
12 3.17 6.52 A 1 0 0 0 29 0 0 0
13 3.19 6.96 A 3 0 0 0 27 0 0 0
14 3.21 7.28 A 2 0 0 0 28 0 0 0
15 3.37 6.07 A 1 0 0 0 29 0 0 0
16 3.53 6.88 A 4 0 0 0 26 0 0 0
17 3.67 7.08 A 9 0 0 0 21 0 0 0
18 3.78 7.42 A 4 0 0 0 26 0 0 0
19 3.85 6.82 A 2 0 0 0 28 0 0 0
20 4.67 5.94 B 1 0 0 0 29 0 0 0
21 4.72 5.74 B 3 0 0 0 27 0 0 0
22 5.1899999999999995 5.66 B 1 0 0 0 29 0 0 0
23 5.84 5.39 B 1 0 0 0 29 0 0 0
24 5.58 5.29 B 5 0 0 0 25 0 0 0
25 5.119999999999999 5.27 B 2 0 0 0 28 0 0 0
26 4.92 5.22 B 1 0 0 0 29 0 0 0
27 5.470000000000001 5.11 B 4 0 0 0 26 0 0 0
28 5.1899999999999995 5.03 B 2 0 0 0 28 0 0 0
29 4.98 4.99 B 3 0 0 0 27 0 0 0
30 4.78 4.96 B 5 0 0 0 25 0 0 0
31 4.65 4.74 B 1 0 0 0 29 0 0 0
32 4.83 4.65 B 4 0 0 0 26 0 0 0
33 4.65 4.54 B 3 0 0 0 27 0 0 0
34 4.37 4.49 B 0 0 0 0 30 0 0 0
35 7.8 3.3 C 3 0 0 0 27 0 0 0
36 7.76 2.83 C 6 0 0 0 24 0 0 0
37 7.7 3.69 C 5 0 0 0 25 0 0 0
38 7.6 3.25 C 4 0 0 0 26 0 0 0
39 7.54 2.65 C 2 0 0 0 28 0 0 0
40 7.53 2.22 C 2 0 0 0 28 0 0 0
41 7.43 3.8600000000000003 C 2 0 0 0 28 0 0 0
42 7.41 2.81 C 2 0 0 0 28 0 0 0
43 7.23 3.1399999999999997 C 3 0 0 0 27 0 0 0
44 7.14 3.45 C 6 0 0 0 24 0 0 0
45 7.0 3.01 C 4 0 0 0 26 0 0 0
46 6.98 2.52 C 3 0 0 0 27 0 0 0
47 6.88 3.3899999999999997 C 4 0 0 0 26 0 0 0
48 6.84 2.22 C 5 0 0 0 25 0 0 0
49 6.81 2.89 C 3 0 0 0 27 0 0 0
50 6.77 3.6 C 5 0 0 0 25 0 0 0
51 6.52 2.87 C 1 0 0 0 29 0 0 0
52 6.36 3.24 C 2 0 0 0 28 0 0 0
53 6.24 2.96 C 4 0 0 0 26 0 0 0
54 6.06 3.35 C 5 0 0 0 25 0 0 0
